gain     = 2.41441569715
trim     = 4.95840077883

