calibration_time: 2018-10-26-11-43-42
gain: 0.94609401115
trim: 0.0166900666561
baseline: 0.1
radius: 0.0318
k: 27.0
limit: 1.0