calibration_time: 2018-10-29-01-38-31
gain: 0.186971131507
trim: -0.48239919497
baseline: 0.1
radius: 0.0318
k: 27.0
limit: 1.0