calibration_time: 2018-10-24-21-49-08
gain: 1.11852000571
trim: -0.0352376029606
baseline: 0.1
radius: 0.0318
k: 27.0
limit: 1.0