calibration_time: 2018-10-26-20-24-39
gain: 0.894717991684
trim: -0.54790900669
baseline: 0.1
radius: 0.0318
k: 27.0
limit: 1.0