calibration_time: 2018-10-25-21-20-35
gain: 0.979911578557
trim: -0.0161103012942
baseline: 0.1
radius: 0.0318
k: 27.0
limit: 1.0
