calibration_time: 2018-10-25-18-29-52
gain: 0.737113720348
trim: -0.00636508976464
baseline: 0.1
radius: 0.0318
k: 27.0
limit: 1.0