calibration_time: 2018-10-24-12-40-14
gain: 1.08804167848
trim: 1.91974630756
baseline: 0.1
radius: 0.0318
k: 27.0
limit: 1.0