calibration_time: 2018-10-26-17-11-43
gain: 5.23278501283
trim: -2.20064710312
baseline: 0.1
radius: 0.0318
k: 27.0
limit: 1.0