calibration_time: 2018-10-26-14-01-38
gain: 1.10031657026
trim: -1.08827192677
baseline: 0.1
radius: 0.0318
k: 27.0
limit: 1.0