calibration_time: 2018-10-24-21-52-12
gain: 1.79885483282
trim: -0.640709196442
baseline: 0.1
radius: 0.0318
k: 27.0
limit: 1.0