calibration_time: 2018-10-29-01-23-32
gain: 0.261054335806
trim: -0.23638947703
baseline: 0.1
radius: 0.0318
k: 27.0
limit: 1.0