gain     = 1.48750540021
trim     = 0.862518973161

