calibration_time: 2018-10-25-23-18-24
gain: 0.62927877731
trim: -1.07850337405
baseline: 0.1
radius: 0.0318
k: 27.0
limit: 1.0
