camera_matrix:
  cols: 3
  data: [330.01245234243953, 0.0, 310.59066880921154, 0.0, 329.30726553065546, 235.6588707903169,
    0.0, 0.0, 1.0]
  rows: 3
camera_name: dux/camera_node
distortion_coefficients:
  cols: 5
  data: [-0.2929061877197193, 0.06784010878333989, -0.002911516287983676, -0.0009482231185212077,
    0.0]
  rows: 1
distortion_model: plumb_bob
image_height: 480
image_width: 640
projection_matrix:
  cols: 4
  data: [236.5348358154297, 0.0, 310.555173575769, 0.0, 0.0, 264.94427490234375, 229.54453071930766,
    0.0, 0.0, 0.0, 1.0, 0.0]
  rows: 3
rectification_matrix:
  cols: 3
  data: [1.0, 0.0, 0.0, 0.0, 1.0, 0.0, 0.0, 0.0, 1.0]
  rows: 3
