calibration_time: 2018-10-26-13-16-16
gain: 0.608749826901
trim: 1.87998728498
baseline: 0.1
radius: 0.0318
k: 27.0
limit: 1.0