calibration_time: 2018-10-25-21-13-24
gain: 0.900313802506
trim: -0.0090930043454
baseline: 0.1
radius: 0.0318
k: 27.0
limit: 1.0
