camera_matrix:
  cols: 3
  data: [347.92377538251736, 0.0, 322.03892107641684, 0.0, 347.8255216886629, 240.93103507968362,
    0.0, 0.0, 1.0]
  rows: 3
camera_name: quacker/camera_node
distortion_coefficients:
  cols: 5
  data: [-0.2642483213938273, 0.047034198133367136, -0.0012958536982065102, -0.0011751074980532363,
    0.0]
  rows: 1
distortion_model: plumb_bob
image_height: 480
image_width: 640
projection_matrix:
  cols: 4
  data: [235.44691467285156, 0.0, 320.0176783530278, 0.0, 0.0, 293.9048156738281,
    240.05617999212882, 0.0, 0.0, 0.0, 1.0, 0.0]
  rows: 3
rectification_matrix:
  cols: 3
  data: [1.0, 0.0, 0.0, 0.0, 1.0, 0.0, 0.0, 0.0, 1.0]
  rows: 3
