calibration_time: 2018-10-24-23-18-49
gain: 1.69144478774
trim: -0.496284690581
baseline: 0.1
radius: 0.0318
k: 27.0
limit: 1.0