calibration_time: 2018-10-24-22-52-06
gain: 1.16474599929
trim: 0.388359601263
baseline: 0.1
radius: 0.0318
k: 27.0
limit: 1.0