gain     = 11.7516608267
trim     = -2.65998862364

