calibration_time: 2018-10-26-13-59-56
gain: 0.765254422672
trim: -0.0578970368544
baseline: 0.1
radius: 0.0318
k: 27.0
limit: 1.0