calibration_time: 2018-10-26-11-36-48
gain: 2.07780270677
trim: 0.0631248424415
baseline: 0.1
radius: 0.0318
k: 27.0
limit: 1.0