calibration_time: 2018-10-27-18-14-28
gain: 1.49695259955
trim: -0.148979277355
baseline: 0.1
radius: 0.0318
k: 27.0
limit: 1.0