calibration_time: 2018-10-24-12-38-23
gain: 0.938395197977
trim: 0.0292873764765
baseline: 0.1
radius: 0.0318
k: 27.0
limit: 1.0