calibration_time: 2018-10-26-16-29-35
gain: 0.923432026193
trim: 0.188794464007
baseline: 0.1
radius: 0.0318
k: 27.0
limit: 1.0