calibration_time: 2018-10-25-22-09-50
gain: 1.12953438745
trim: 0.0389643893736
baseline: 0.1
radius: 0.0318
k: 27.0
limit: 1.0
