calibration_time: 2018-10-29-00-52-21
gain: 0.238437522545
trim: -0.681187870501
baseline: 0.1
radius: 0.0318
k: 27.0
limit: 1.0