camera_matrix:
  cols: 3
  data: [360.5728186158897, 0.0, 330.40503874127137, 0.0, 358.8627416314429, 229.37762781696622,
    0.0, 0.0, 1.0]
  rows: 3
camera_name: duckinator3000/camera_node
distortion_coefficients:
  cols: 5
  data: [-0.3008106993987954, 0.07152407191846138, -0.002338993185658282, -0.0027506423280259204,
    0.0]
  rows: 1
distortion_model: plumb_bob
image_height: 480
image_width: 640
projection_matrix:
  cols: 4
  data: [255.3541259765625, 0.0, 327.21487764090125, 0.0, 0.0, 299.3297424316406,
    222.13158501045655, 0.0, 0.0, 0.0, 1.0, 0.0]
  rows: 3
rectification_matrix:
  cols: 3
  data: [1.0, 0.0, 0.0, 0.0, 1.0, 0.0, 0.0, 0.0, 1.0]
  rows: 3
