camera_matrix:
  cols: 3
  data: [330.01960950135407, 0.0, 331.14083544480354, 0.0, 330.8821256220937, 278.0211985737748,
    0.0, 0.0, 1.0]
  rows: 3
camera_name: kleinesentlein/camera_node
distortion_coefficients:
  cols: 5
  data: [-0.27717431731202885, 0.057285852918038595, -0.004776773928530794, 0.00029016053018380097,
    0.0]
  rows: 1
distortion_model: plumb_bob
image_height: 480
image_width: 640
projection_matrix:
  cols: 4
  data: [232.05487060546875, 0.0, 332.80989774547925, 0.0, 0.0, 266.4118347167969,
    292.2344105995544, 0.0, 0.0, 0.0, 1.0, 0.0]
  rows: 3
rectification_matrix:
  cols: 3
  data: [1.0, 0.0, 0.0, 0.0, 1.0, 0.0, 0.0, 0.0, 1.0]
  rows: 3
