gain     = 1.96737359138
trim     = 0.907087431268

