camera_matrix:
  cols: 3
  data: [336.0958400007417, 0.0, 326.4241406963904, 0.0, 336.1767671522394, 227.93440960644014,
    0.0, 0.0, 1.0]
  rows: 3
camera_name: educk/camera_node
distortion_coefficients:
  cols: 5
  data: [-0.2721703442071499, 0.05420248950176293, -0.00264531574354674, -0.00010695535972804071,
    0.0]
  rows: 1
distortion_model: plumb_bob
image_height: 480
image_width: 640
projection_matrix:
  cols: 4
  data: [230.5319061279297, 0.0, 324.2300405764381, 0.0, 0.0, 276.56097412109375,
    218.7261543464956, 0.0, 0.0, 0.0, 1.0, 0.0]
  rows: 3
rectification_matrix:
  cols: 3
  data: [1.0, 0.0, 0.0, 0.0, 1.0, 0.0, 0.0, 0.0, 1.0]
  rows: 3
