calibration_time: 2018-10-26-07-03-39
gain: 0.534314751648
trim: 2.50439066562
baseline: 0.1
radius: 0.0318
k: 27.0
limit: 1.0