calibration_time: 2018-10-26-23-15-21
gain: 0.90096365122
trim: 45.5558217281
baseline: 0.1
radius: 0.0318
k: 27.0
limit: 1.0