calibration_time: 2018-10-26-20-19-57
gain: 0.702582427287
trim: -0.112906736747
baseline: 0.1
radius: 0.0318
k: 27.0
limit: 1.0