gain     = 3.18715829842
trim     = 1.3416233252
