camera_matrix:
  cols: 3
  data: [333.58709627983416, 0.0, 317.9736055493302, 0.0, 332.5380153824462, 247.47750952396433,
    0.0, 0.0, 1.0]
  rows: 3
camera_name: gyrogearloose/camera_node
distortion_coefficients:
  cols: 5
  data: [-0.2708390964457249, 0.05416132534100522, 0.002069823814380655, -0.00019193487675741113,
    0.0]
  rows: 1
distortion_model: plumb_bob
image_height: 480
image_width: 640
projection_matrix:
  cols: 4
  data: [229.52748107910156, 0.0, 318.3961707438975, 0.0, 0.0, 273.49481201171875,
    253.79636419122835, 0.0, 0.0, 0.0, 1.0, 0.0]
  rows: 3
rectification_matrix:
  cols: 3
  data: [1.0, 0.0, 0.0, 0.0, 1.0, 0.0, 0.0, 0.0, 1.0]
  rows: 3
