calibration_time: 2018-10-24-20-14-15
gain: 0.00834607642957
trim: 2150.12448064
baseline: 0.1
radius: 0.0318
k: 27.0
limit: 1.0