camera_matrix:
  cols: 3
  data: [325.5146693189076, 0.0, 330.3281950907931, 0.0, 325.07556947491946, 246.37190038056548,
    0.0, 0.0, 1.0]
  rows: 3
camera_name: martaduckie/camera_node
distortion_coefficients:
  cols: 5
  data: [-0.2608848139315826, 0.05252751323970024, 0.000337835921247302, -0.0029919250963172657,
    0.0]
  rows: 1
distortion_model: plumb_bob
image_height: 480
image_width: 640
projection_matrix:
  cols: 4
  data: [228.52027893066406, 0.0, 323.4206399266077, 0.0, 0.0, 267.990478515625, 250.0310827048088,
    0.0, 0.0, 0.0, 1.0, 0.0]
  rows: 3
rectification_matrix:
  cols: 3
  data: [1.0, 0.0, 0.0, 0.0, 1.0, 0.0, 0.0, 0.0, 1.0]
  rows: 3
