calibration_time: 2018-10-26-15-25-31
gain: 0.813650954292
trim: -0.0676885520084
baseline: 0.1
radius: 0.0318
k: 27.0
limit: 1.0