calibration_time: 2018-10-25-19-20-11
gain: 0.684696929159
trim: -0.040003067433
baseline: 0.1
radius: 0.0318
k: 27.0
limit: 1.0