gain     = 2.56498254477
trim     = -0.010188638569

