calibration_time: 2018-10-26-14-10-34
gain: 1.41388993772
trim: -0.0161480788274
baseline: 0.1
radius: 0.0318
k: 27.0
limit: 1.0