calibration_time: 2018-10-26-20-10-07
gain: 0.517066995078
trim: -0.107318065006
baseline: 0.1
radius: 0.0318
k: 27.0
limit: 1.0