calibration_time: 2018-10-27-17-48-39
gain: 0.767187240241
trim: -0.0411821956184
baseline: 0.1
radius: 0.0318
k: 27.0
limit: 1.0