calibration_time: 2018-10-26-18-36-21
gain: 2.11082454696
trim: -0.720772036812
baseline: 0.1
radius: 0.0318
k: 27.0
limit: 1.0