calibration_time: 2018-10-26-15-06-06
gain: 0.939946313609
trim: -0.0469253790041
baseline: 0.1
radius: 0.0318
k: 27.0
limit: 1.0
