calibration_time: 2018-10-26-15-12-19
gain: 0.787865476696
trim: -0.0673390172655
baseline: 0.1
radius: 0.0318
k: 27.0
limit: 1.0
