calibration_time: 2018-10-25-21-05-31
gain: 1.01592430869
trim: 0.0433621775778
baseline: 0.1
radius: 0.0318
k: 27.0
limit: 1.0
