calibration_time: 2018-10-25-19-29-56
gain: -0.0505930057667
trim: -0.0291216186171
baseline: 0.1
radius: 0.0318
k: 27.0
limit: 1.0
