calibration_time: 2018-10-26-18-34-47
gain: 1.87331456862
trim: 1.01487346453
baseline: 0.1
radius: 0.0318
k: 27.0
limit: 1.0