camera_matrix:
  cols: 3
  data: [338.71178757987207, 0.0, 316.1803220867355, 0.0, 337.9265675030532, 234.40444127613787,
    0.0, 0.0, 1.0]
  rows: 3
camera_name: dakillerbot/camera_node
distortion_coefficients:
  cols: 5
  data: [-0.29058947582830386, 0.06564528437929952, 0.0017958659764665394, -9.00879632344452e-05,
    0.0]
  rows: 1
distortion_model: plumb_bob
image_height: 480
image_width: 640
projection_matrix:
  cols: 4
  data: [240.25296020507812, 0.0, 316.8828298198205, 0.0, 0.0, 276.80218505859375,
    233.48429798211873, 0.0, 0.0, 0.0, 1.0, 0.0]
  rows: 3
rectification_matrix:
  cols: 3
  data: [1.0, 0.0, 0.0, 0.0, 1.0, 0.0, 0.0, 0.0, 1.0]
  rows: 3
