calibration_time: 2018-10-24-17-35-12
gain: 0.724675224736
trim: -0.0455159167722
baseline: 0.1
radius: 0.0318
k: 27.0
limit: 1.0