calibration_time: 2018-10-26-11-50-12
gain: 0.960084259794
trim: -0.864532418646
baseline: 0.1
radius: 0.0318
k: 27.0
limit: 1.0