calibration_time: 2018-10-26-11-38-25
gain: 0.980310772956
trim: -0.476734201011
baseline: 0.1
radius: 0.0318
k: 27.0
limit: 1.0