calibration_time: 2018-10-26-11-40-12
gain: 1.23104796608
trim: -0.37273077126
baseline: 0.1
radius: 0.0318
k: 27.0
limit: 1.0