calibration_time: 2018-10-27-18-09-07
gain: -0.035323956965
trim: -0.558166739616
baseline: 0.1
radius: 0.0318
k: 27.0
limit: 1.0