calibration_time: 2018-10-24-22-30-17
gain: 0.971352402043
trim: -0.412889127081
baseline: 0.1
radius: 0.0318
k: 27.0
limit: 1.0