camera_matrix:
  cols: 3
  data: [338.25613019212557, 0.0, 324.082135447061, 0.0, 337.4439605784397, 223.0007784166404,
    0.0, 0.0, 1.0]
  rows: 3
camera_name: dagobert/camera_node
distortion_coefficients:
  cols: 5
  data: [-0.3019617967300829, 0.07172876654984285, -0.0003247971270671692, -0.0014832609336433795,
    0.0]
  rows: 1
distortion_model: plumb_bob
image_height: 480
image_width: 640
projection_matrix:
  cols: 4
  data: [242.0382537841797, 0.0, 322.172903904484, 0.0, 0.0, 271.7522888183594, 213.20808813884832,
    0.0, 0.0, 0.0, 1.0, 0.0]
  rows: 3
rectification_matrix:
  cols: 3
  data: [1.0, 0.0, 0.0, 0.0, 1.0, 0.0, 0.0, 0.0, 1.0]
  rows: 3
