camera_matrix:
  cols: 3
  data: [335.06008294877006, 0.0, 328.9200146789141, 0.0, 335.29262976652177, 256.6586642161023,
    0.0, 0.0, 1.0]
  rows: 3
camera_name: frankbot/camera_node
distortion_coefficients:
  cols: 5
  data: [-0.279820486595052, 0.05845043877433107, 0.0008595865719224318, -0.00022140071699147955,
    0.0]
  rows: 1
distortion_model: plumb_bob
image_height: 480
image_width: 640
projection_matrix:
  cols: 4
  data: [233.98960876464844, 0.0, 326.72461813521295, 0.0, 0.0, 273.4224548339844,
    266.52099390993317, 0.0, 0.0, 0.0, 1.0, 0.0]
  rows: 3
rectification_matrix:
  cols: 3
  data: [1.0, 0.0, 0.0, 0.0, 1.0, 0.0, 0.0, 0.0, 1.0]
  rows: 3
