camera_matrix:
  cols: 3
  data: [460.21972289767155, 0.0, 308.1953667719104, 0.0, 459.26423774426974, 230.40787537805554,
    0.0, 0.0, 1.0]
  rows: 3
camera_name: psyduck/camera_node
distortion_coefficients:
  cols: 5
  data: [-0.4527579653273975, 0.1447786838944903, -0.009186154945894198, -0.0011535620648240586,
    0.0]
  rows: 1
distortion_model: plumb_bob
image_height: 480
image_width: 640
projection_matrix:
  cols: 4
  data: [319.13397216796875, 0.0, 295.5326476952141, 0.0, 0.0, 386.6471252441406,
    219.26244101415796, 0.0, 0.0, 0.0, 1.0, 0.0]
  rows: 3
rectification_matrix:
  cols: 3
  data: [1.0, 0.0, 0.0, 0.0, 1.0, 0.0, 0.0, 0.0, 1.0]
  rows: 3
