calibration_time: 2018-10-26-11-47-40
gain: 3.22436014883
trim: 0.687437161729
baseline: 0.1
radius: 0.0318
k: 27.0
limit: 1.0