calibration_time: 2018-10-25-21-17-03
gain: 0.98594416747
trim: 0.165056320663
baseline: 0.1
radius: 0.0318
k: 27.0
limit: 1.0
