calibration_time: 2018-10-25-22-29-53
gain: 0.686618915378
trim: -0.0471916954512
baseline: 0.1
radius: 0.0318
k: 27.0
limit: 1.0
