The Estimated Kinematic Calibration is:
gain     = 8.18857524593
trim     = 3.19279169917

