gain     = 0.534314751648
trim     = 2.50439066562

