gain     = 1.04417075131
trim     = -0.0301489743009

