camera_matrix:
  cols: 3
  data: [334.1378080467076, 0.0, 314.88576901008753, 0.0, 333.2455290843295, 208.61720653867079,
    0.0, 0.0, 1.0]
  rows: 3
camera_name: swan/camera_node
distortion_coefficients:
  cols: 5
  data: [-0.25728194187338727, 0.04666089853356851, 0.0010158071886571262, -0.0001070028480539236,
    0.0]
  rows: 1
distortion_model: plumb_bob
image_height: 480
image_width: 640
projection_matrix:
  cols: 4
  data: [227.85806274414062, 0.0, 315.60737231525127, 0.0, 0.0, 273.1475524902344,
    194.43527897316744, 0.0, 0.0, 0.0, 1.0, 0.0]
  rows: 3
rectification_matrix:
  cols: 3
  data: [1.0, 0.0, 0.0, 0.0, 1.0, 0.0, 0.0, 0.0, 1.0]
  rows: 3
