calibration_time: 2018-10-25-19-27-22
gain: 0.664900208395
trim: 0.123647600509
baseline: 0.1
radius: 0.0318
k: 27.0
limit: 1.0