calibration_time: 2018-10-26-15-10-48
gain: 0.842112124047
trim: -0.0987339645048
baseline: 0.1
radius: 0.0318
k: 27.0
limit: 1.0
