The Estimated Kinematic Calibration is:
gain     = 11.4813890626
trim     = 8.62533641757

