calibration_time: 2018-10-26-21-18-46
gain: 11.7516608267
trim: -2.65998862364
baseline: 0.1
radius: 0.0318
k: 27.0
limit: 1.0