calibration_time: 2018-10-26-23-14-09
gain: 1.68422735068
trim: 1.5357327459
baseline: 0.1
radius: 0.0318
k: 27.0
limit: 1.0