baseline: 0.1
calibration_time: 2018-10-24-15-27-44
gain: 0.995526407154
k: 27.0
limit: 1.0
radius: 0.0318
trim: 0.029999999329447746
