calibration_time: 2018-10-24-22-15-07
gain: 1.27484575622
trim: -0.0242262803245
baseline: 0.1
radius: 0.0318
k: 27.0
limit: 1.0