calibration_time: 2018-10-26-23-11-30
gain: 3.16410940805
trim: -1.41551711829
baseline: 0.1
radius: 0.0318
k: 27.0
limit: 1.0