camera_matrix:
  cols: 3
  data: [352.9776845756525, 0.0, 317.59111008783884, 0.0, 352.4984267942508, 253.8931129070435,
    0.0, 0.0, 1.0]
  rows: 3
camera_name: canard/camera_node
distortion_coefficients:
  cols: 5
  data: [-0.29353114876219116, 0.06153887755801313, 0.0011232480486963684, 0.0003659810521708458,
    0.0]
  rows: 1
distortion_model: plumb_bob
image_height: 480
image_width: 640
projection_matrix:
  cols: 4
  data: [238.7572784423828, 0.0, 318.94644362394865, 0.0, 0.0, 291.34228515625, 262.1333439440932,
    0.0, 0.0, 0.0, 1.0, 0.0]
  rows: 3
rectification_matrix:
  cols: 3
  data: [1.0, 0.0, 0.0, 0.0, 1.0, 0.0, 0.0, 0.0, 1.0]
  rows: 3
