calibration_time: 2018-10-24-19-32-46
gain: 1.37186449805
trim: 0.14510140742
baseline: 0.1
radius: 0.0318
k: 27.0
limit: 1.0