The Estimated Kinematic Calibration is:
gain     = 2.38885908751
trim     = 1.682260563

