calibration_time: 2018-10-25-18-29-52
gain: 1.137113720348
trim: 0.01666508976464
baseline: 0.1
radius: 0.0318
k: 27.0
limit: 1.0
