camera_matrix:
  cols: 3
  data: [328.44615917740356, 0.0, 319.4608080562178, 0.0, 328.28988668087334, 223.1676781122513,
    0.0, 0.0, 1.0]
  rows: 3
camera_name: tombot/camera_node
distortion_coefficients:
  cols: 5
  data: [-0.2439374907936277, 0.04018520150682741, 0.0013943310221216276, -0.0003269231097603078,
    0.0]
  rows: 1
distortion_model: plumb_bob
image_height: 480
image_width: 640
projection_matrix:
  cols: 4
  data: [218.5977783203125, 0.0, 317.7760998058802, 0.0, 0.0, 273.952880859375, 216.50509556147153,
    0.0, 0.0, 0.0, 1.0, 0.0]
  rows: 3
rectification_matrix:
  cols: 3
  data: [1.0, 0.0, 0.0, 0.0, 1.0, 0.0, 0.0, 0.0, 1.0]
  rows: 3
