calibration_time: 2018-10-24-22-55-06
gain: 1.27826315484
trim: -0.190065327106
baseline: 0.1
radius: 0.0318
k: 27.0
limit: 1.0